1
INT1306
2019
1
1
50
10
0
2
INT1323
2019
1
4
70
15
1
3
INT1336
2020
1
2
90
15
1
5
INT1332
2020
1
3
70
15
1
9
INT1332
2019
2
1
10
5
1
11
INT1332
2020
2
1
10
5
1
12
INT1306
2019
1
2
50
10
1
13
INT1154
2019
2
1
50
15
1
14
ELE1330
2019
2
1
50
10
1
15
INT1323
2019
2
1
10
5
1
16
INT1323
2019
1
2
50
10
1
18
INT1306
2019
2
1
50
10
1
19
ELE1330
2019
1
1
50
10
1
23
INT1154
2020
1
1
50
20
1
24
INT1306
2019
1
3
50
20
1
27
INT1323
2019
1
1
50
15
1
28
INT1157
2020
2
1
50
20
1
29
INT1157
2020
1
1
50
20
1
30
INT1306
2019
2
2
50
10
1
31
INT1157
2018
1
1
20
10
1
32
INT1157
2018
1
2
20
10
1